id,sale_id_fk,employee_id_fk
1,27,310
2,22,41
3,19,196
4,44,24
5,30,107
6,49,221
7,20,371
8,48,71
9,21,345
10,28,109
11,24,236
12,49,138
13,32,223
14,41,102
15,33,187
16,24,119
17,6,385
18,24,44
19,40,381
20,25,6
21,22,281
22,39,122
23,38,112
24,21,269
25,35,169
26,8,297
27,14,273
28,31,51
29,25,134
30,39,100
31,46,246
32,41,4
33,26,254
34,36,92
35,40,233
36,18,388
37,6,98
38,19,280
39,11,58
40,15,204
41,42,95
42,10,48
43,28,245
44,38,167
45,15,295
46,32,306
47,42,387
48,18,283
49,12,305
50,16,235
51,47,193
52,19,59
53,43,74
54,30,291
55,17,192
56,41,232
57,4,331
58,1,126
59,13,351
60,32,311
61,5,322
62,34,362
63,10,237
64,12,57
65,47,282
66,12,188
67,35,336
68,17,302
69,17,87
70,45,344
71,12,23
72,2,186
73,29,397
74,26,251
75,45,132
76,20,15
77,49,183
78,29,328
79,2,114
80,22,332
81,43,56
82,47,65
83,16,7
84,11,145
85,1,228
86,48,342
87,2,1
88,17,378
89,42,152
90,13,179
91,41,379
92,32,9
93,47,127
94,30,347
95,8,239
96,10,262
97,48,108
98,25,355
99,22,170
