id,client_id_fk,employee_responsible_id_fk,date_of_start
1,14,39,2025-04-18
2,32,44,2023-11-22
3,48,50,2020-07-29
4,24,81,2024-05-02
5,1,81,2023-07-04
6,8,81,2025-03-07
7,15,81,2019-10-10
8,48,81,2023-10-08
9,38,81,2020-06-11
10,9,95,2021-07-14
11,20,213,2025-01-24
12,24,222,2023-06-01
13,30,222,2024-04-21
14,37,222,2019-11-22
15,9,222,2022-06-25
16,22,222,2024-06-22
17,47,222,2024-05-12
18,21,222,2021-10-05
19,1,222,2022-10-28
20,24,247,2021-08-28
21,28,247,2021-04-06
22,1,247,2021-01-02
23,47,247,2021-05-08
24,10,247,2025-02-27
25,34,247,2022-02-17
26,6,293,2021-08-20
27,15,293,2024-11-16
28,1,293,2023-03-18
29,42,318,2023-10-08
30,38,318,2025-04-26
31,1,318,2023-09-20
32,48,318,2023-01-27
33,16,318,2021-10-30
34,16,363,2019-10-17
35,30,363,2024-10-07
36,39,363,2024-03-30
37,17,363,2024-12-01
38,14,363,2020-11-25
39,44,363,2020-09-25
40,18,366,2023-09-12
41,11,366,2025-02-07
42,39,366,2025-01-29
43,48,366,2020-11-27
44,2,337,2024-04-24
45,18,387,2022-02-23
46,29,387,2020-11-23
47,30,387,2022-12-29
48,15,387,2021-08-18
49,47,387,2020-05-08
